5 2341
2 1111111100000000
9 3333
6 550012
4 3333
7 104561
9 40314
10 15724
5 1414413
9 36502
10 28145
9 25066
9 605
9 17338
5 133221
2 11100100001100
7 306
6 133154
8 44434
10 19895
4 11103132
4 2310102
8 46710
10 26299
9 14513
4 11310003
4 13121331
8 11070
5 221321
4 1223110
7 143411
3 1122221020
5 402414
4 2120031
9 1054
6 22015
7 5241
2 111010110011010
6 105222
6 252504
7 126255
7 25422
9 23045
5 1443401
5 103143
2 11000101001111
2 100110111110010
2 10111001000000
9 11105
10 26308
8 77267
4 2300323
4 11100202
10 2082
8 40235
2 111100110001011
6 345150
8 23312
2 100100000010
4 11131302
10 28745
7 106414
8 13305
4 3303111
5 1012022
3 200020020
10 18636
10 24767
5 444244
10 12052
10 1150
5 1143344
9 4631
5 1431231
9 16486
6 132515
8 24217
7 34655
9 14342
4 10202130
7 132505
4 3023212
8 70760
2 1111111100001111
8 3167
6 45235
5 1124122
4 1211103
3 12112200
4 11330132
6 354432
7 44062
8 56725
8 55237
5 1240414
3 20111100
10 1999
5 1343223
8 7314
3 122022
