255 65280 0 65535 4080 291 17767 35243 52719 65244 47768 30292 12816 291 17767 35243 52719 65244 47768 30292 12816 255 65280 65535
27298 58445 33889 26267 25232 26899 48539 14036 33284 35858 16850 28499 32541 62549 58404 42759 44743 13787 7357 33307 45871 54689 28027 34701 
9538 22499 27786 18538 42829 25005 49144 15822 41005 31231 51905 6583 45839 13267 17187 21058 34512 5208 48650 35980 36572 49562 41092 19841 
20706 49062 49085 6752 28990 33674 28579 38676 34509 54097 18019 19146 5036 4634 59384 46945 49144 59362 55938 34084 60862 54996 41484 18161 
17404 29935 62611 29189 26589 22079 17717 44125 52319 706 11039 31477 2207 7091 14893 24827 45194 6145 59548 5228 22621 40152 59738 2901 
38677 11830 45700 55778 57535 16935 59686 1026 55913 44487 877 8656 2110 50454 45879 54393 28 11582 28849 41964 26416 31806 52999 4644 
45735 9746 25351 47215 30303 61415 46333 10154 18547 11979 25815 59378 44305 39114 60065 31587 14631 41201 60040 47371 33744 64605 60043 58855 
11834 4860 36532 42260 36915 42746 15395 36526 32262 7268 43218 9395 23985 2887 22513 32048 49714 1969 57210 56914 17076 42702 50301 64261 
28982 31611 39925 6775 54995 3542 64047 49061 1178 61194 25865 28828 37510 38934 29343 29305 5062 52231 50687 26952 3413 61688 50229 56343 
5442 47864 8815 36099 41128 36099 26506 9224 29590 4150 5570 13365 61991 54975 54036 29349 50250 30314 5790 5238 27946 25732 33117 61332 
33222 21770 44141 34878 38474 48890 2507 21343 8610 9584 20389 1541 59389 15769 58104 30029 19783 36179 26832 13891 59580 35289 30042 56837 
19787 54826 44932 33424 4112 2371 27243 54801 47144 42831 27435 28533 59535 17741 10418 29912 5700 31065 13628 26696 59267 51056 10167 61666 
57417 46016 33855 675 42659 62549 61666 5047 44717 3628 61884 51228 36182 30530 7115 30175 51402 49893 58155 4349 790 42465 4074 60834 
54343 34435 58132 33516 49530 6585 13751 38104 23964 50062 31231 38755 16090 18705 17610 29113 51521 127 7236 51161 50158 44451 38283 7662 
41166 50892 17803 39381 2046 57046 45170 57565 27547 31998 31565 34513 29602 13362 11288 28943 41520 43934 14320 1380 36450 22079 20979 6157 
52277 56082 4126 45046 53686 48469 59533 32589 20994 33780 28477 60431 50214 53276 14668 31561 52272 15306 56519 17176 60971 10252 56522 18328 
45349 23806 56898 19639 47179 19869 18301 51361 35194 32263 56648 20565 47584 38488 1503 31230 52648 6285 25392 6026 23200 43939 35943 16390 
62741 46055 1425 59567 12805 62759 25789 21857 39019 55215 16117 23642 47717 64605 1609 29319 12049 60236 25779 56085 27242 18331 64114 40176 
4494 34646 12163 2886 51579 20363 42979 48420 63324 5190 2237 18311 16416 36003 46593 32155 18674 10914 26601 9566 34528 34141 36437 42189 
36344 12499 50048 11797 58421 45616 47207 22851 16070 49025 50200 51555 61862 48308 44207 29827 49892 20229 50218 36784 13979 60257 53670 65030 
53978 18421 26671 55188 10925 54975 61378 53077 50464 20427 2973 19063 13906 1574 12460 32487 9294 49405 13069 24529 531 62014 27085 1075 
26313 39321 39321 39321 39321 39321 39321 39321 39321 15513 13237 21034 39114 337 6528 29501 50601 10227 3083 16153 21199 9068 36931 23771 
53800 39610 27204 49024 56529 265 61484 60484 54247 3686 55031 22789 32118 9454 37315 31728 20365 60031 55212 38402 52792 62549 3231 28775 
44932 55165 54987 64781 18318 6388 51498 37649 27203 15832 31708 63376 32751 59685 24555 32406 6497 37656 7511 3105 57045 65438 14171 58974 
13400 29365 17620 45882 57063 49561 55792 5858 17071 20807 35275 33874 5261 51149 52051 29864 52174 47415 17588 63985 64335 39586 35052 2105 
10301 267 11272 30622 63893 37535 38435 56094 61812 53836 35421 43459 46839 22078 32417 30125 52507 41827 62764 58855 44013 24566 38876 32128 
58763 65270 63198 50082 12528 5216 35134 23613 74 18527 62729 52317 64662 3810 52829 31006 38881 2853 39223 22686 26712 50453 56483 44490 
729 53215 15311 7902 2975 45169 15271 12216 59560 3063 25176 26517 20209 26494 25825 30834 45496 18676 42844 55916 51448 21397 57048 8319 
63407 3678 29010 57529 58107 64604 5110 48695 8167 46237 18882 4102 13201 59725 43202 31554 46087 62025 46628 54249 13636 33758 2004 28168 
15222 8666 8688 49356 23963 25225 43156 32785 12222 55768 8910 16678 13822 3541 9115 30966 1622 33212 12294 60318 13797 56410 61263 61213 
22726 41724 50241 6286 58856 30863 29737 11519 36742 54289 30181 28797 52111 18894 23473 30741 8222 32164 44187 27363 21042 54974 64640 11013 
46343 6171 57516 36712 137 43207 65036 64569 46791 15328 47806 14180 28396 13953 47807 29735 43991 20393 33083 2431 62420 63828 50991 47721 
3023 60352 65449 27905 14295 35289 44742 42854 19976 30924 27010 64915 42111 19846 54811 29605 64808 36132 26989 7851 53026 52692 51366 1440 
37001 37746 30658 23490 874 33356 3294 34302 44737 8509 6665 14689 63181 62548 10589 31751 36954 41165 48073 13070 4277 47766 34682 41571 
3531 43210 62076 53043 60089 11640 41181 16010 24204 41132 13994 30054 60481 54644 10734 31204 6676 8684 4025 56849 36340 18721 27957 64010 
51725 41488 58962 13019 22076 57830 61995 10866 54974 44193 17373 18444 56976 22125 20566 29093 58847 38439 52690 31068 36488 61693 79 38428 
20665 2555 52682 15378 61069 22078 35423 57693 48882 31923 56107 6888 25877 61848 17724 31698 34819 26857 32399 39734 43977 22691 59952 3089 
17764 21988 11868 13970 2561 58567 49377 56484 28334 47707 21532 29541 5974 19884 28889 29170 35383 4264 38998 52039 19534 55963 24975 42626 
664 65122 24961 50864 12611 9018 15450 37358 32346 56577 18471 56105 20187 45554 18916 31373 21988 13581 46271 33560 6784 64604 12196 6887 
4301 40446 16065 17671 3529 35822 22050 43396 22159 27964 15813 47756 36893 50962 22742 32508 28817 15999 19011 14849 27398 18543 43576 49831 
1659 34831 60851 23565 54539 34156 47040 31790 36789 53892 40349 39175 34708 63107 5399 30167 25527 38246 54121 30873 55353 13387 19603 17755 
19241 26670 5808 29226 20850 42796 50637 33571 36691 42066 61432 3650 31431 54974 6206 30885 46829 57708 50603 46441 55984 19049 44124 2939 
22863 42706 12639 3591 55718 31429 2737 21531 61425 23614 47998 29348 79 57162 47539 32239 53644 39670 47758 35288 59364 352 13052 35982 
51046 51604 50713 43532 62766 26528 3299 31087 6169 28847 31126 28358 41843 35216 36895 32028 23595 10383 6285 19583 39261 57513 34554 20492 
3334 22764 24181 52656 11843 62548 13579 18871 36912 31006 41416 26639 60124 23607 14042 28853 41027 5053 31021 42694 22146 25020 207 61294 
37798 48433 24556 65435 60092 47961 7298 31594 61905 53282 52141 60152 15618 49576 363 32562 17260 62440 17625 65348 43244 2832 14339 45388 
61631 40732 21238 43047 49890 4649 14544 22801 41586 11060 28573 27145 5244 24155 35419 28714 48893 12457 39 53362 5394 22078 38429 19981 
49112 17668 45098 20714 15948 37690 908 35364 10891 54235 62752 29401 1938 40167 14882 32005 35471 25208 18335 49095 6013 51901 45701 11834 
17770 27010 8177 36684 46947 50468 1055 30250 917 24961 1500 35264 40702 62644 42838 31836 11673 57820 28842 5579 9620 61430 1236 51530 
15356 25117 63970 52694 54223 8016 45824 46475 42024 27835 63276 5991 12565 64603 19298 30599 4516 26190 5072 35592 51184 11648 1394 43222 
59655 55358 46454 33311 3303 2902 43208 49120 46523 19203 25734 45878 31090 11844 40396 30013 60471 14133 43160 30676 34072 3556 19206 20806 
63235 9053 64020 22144 51523 4269 19438 64673 36535 35025 53906 55220 48266 61447 5133 32199 2235 64826 46971 25575 55141 1417 16361 19745 
61079 56065 8789 37281 41309 54973 9467 62549 47043 47804 43705 64090 41960 60426 23228 31181 64711 4549 47344 59050 17791 48648 27298 62975 
9244 27074 54448 64745 7850 46368 47959 20341 47176 18733 30067 38079 38898 35304 50722 28854 16324 6509 13456 26501 18381 33225 13002 65337 
13081 25370 30911 52689 38837 17755 30857 21896 6606 48555 51783 19772 11840 19975 61446 31242 23370 36762 37330 24607 21976 62547 16825 46439 
37143 17006 34519 44784 46084 65241 58410 49143 13004 36527 61646 32361 49755 42495 20673 32594 51136 51910 34863 26833 63271 37183 3606 48881 
55453 36441 38530 1487 60703 18720 38289 50026 48314 17585 41311 48589 63899 9529 28378 30470 7103 33430 21039 63298 46643 57060 330 33405 
24068 45121 88 27846 43615 48312 62839 11064 7473 26472 21651 25537 15783 22077 41674 31405 49086 7781 42297 34267 2163 13787 45532 39014 
52484 20174 31952 18796 29548 53290 35363 24057 48809 32541 24802 10252 5608 41106 42009 28848 11046 6344 60390 43555 26480 19884 38981 27202 
31988 45657 25171 13897 57517 7902 56878 45847 14489 54343 32707 30183 6629 43953 56654 29366 59295 63274 39613 52883 27058 32190 15644 32665 
876 37738 19081 47814 27051 64603 22288 58167 4490 16287 63711 45305 37159 53026 50130 30232 35968 17185 19479 27058 30896 20377 63674 24516 
60117 22680 40409 11643 34541 1066 36704 26548 46067 58988 29565 33723 13590 34155 57148 30078 28769 29733 22443 1034 6899 15046 33222 29307 
43447 31564 53691 10207 41180 48322 64903 38451 46429 33351 22597 26020 27993 25591 43765 6207 19675 703 30146 13808 55778 54973 12457 24581 
47274 33549 37048 8283 27919 36540 6156 6175 40512 36039 16545 48445 45384 62028 47764 42467 22838 30295 64771 25902 11286 39685 44523 37387 
40708 63572 16472 45191 17935 111 27240 21982 47139 27189 37159 5390 35197 44003 27026 34308 19737 22148 30695 7676 35590 279 16643 36580 
50784 17080 27410 16377 42036 44132 27170 58392 47758 46665 58431 62590 32109 62547 23927 8711 37629 7103 27606 54257 32059 36986 37498 48457 
54596 63890 34671 21772 11797 59699 41139 16198 3307 55130 41330 57878 1427 30485 170 135 44633 15759 20855 4518 35884 49319 10711 47234 
13336 38298 7910 27190 19274 20307 38066 52944 14015 29697 20808 22109 43652 39584 55747 43753 7078 17757 45347 23939 12098 6694 28547 62774 
27766 40471 38896 1824 25901 22077 52872 5981 45205 59317 35384 51932 53931 55181 24636 38840 20620 47537 881 8463 60981 5230 55829 65245 
62403 36001 35365 41537 9043 34424 42941 45894 739 51199 42698 46586 5774 50211 11402 20346 62802 802 53226 62642 12892 14327 1030 18913 
21401 51121 32764 50178 64567 26493 46520 6690 42033 35894 15224 45120 65445 56091 42792 19095 24993 51752 36581 19749 37168 64603 25566 20711 
4704 2287 57053 63226 27231 25027 28962 46186 11784 48659 50119 12614 58249 33757 22716 184 12016 25900 46619 42656 33864 59663 29172 43338 
39600 38291 16226 44690 58403 3299 29538 10902 63936 50686 50466 49523 27810 21728 47006 2357 50104 28342 53460 34538 37677 30862 50672 52895 
29168 5987 2560 22097 62028 49493 9233 53837 39696 14702 47151 55391 375 54989 19543 52645 43120 23645 30135 25948 14134 8286 51036 9809 
8648 63418 51010 38352 7186 13952 2710 18135 40272 33516 5702 61267 10625 29163 36991 54401 30145 42890 2877 52078 58908 35047 65181 18694 
12673 47886 65197 53879 55852 50188 44922 3278 26650 18943 30208 31767 32343 52691 6525 42577 33538 55237 3293 12455 14887 2754 58430 44838 
6595 60920 10156 38861 42483 62562 31013 36535 33491 58384 20709 6643 18274 12828 20698 52363 30924 25733 3856 11423 39406 11639 61621 53291 
16885 62719 52149 23371 4878 23802 62030 17165 34070 60598 7260 15501 15418 18479 48653 40122 48503 58978 31597 10431 36346 31101 55946 17578 
20912 26491 20592 42616 36294 22123 45373 53846 55369 55914 21230 24368 46390 30851 55711 45124 51898 50629 55901 39567 40370 22092 56118 33549 
41323 45062 28486 61661 40146 31022 7819 42250 61956 9379 35346 63650 23054 22689 14855 44738 14574 39222 45928 7030 12495 31838 39233 62940 
55727 30246 25023 53713 50843 19627 49584 13202 32176 21754 11617 41275 33548 20769 15070 49339 32154 51772 32277 9245 57480 9016 36146 13199 
25043 4419 56626 45325 30105 14713 4420 1189 49381 61655 49490 57717 51397 64618 28811 48263 839 53296 50156 11243 13446 869 12145 50108 
49520 10502 19048 6377 20307 50960 43181 41133 25354 29361 57182 4325 37556 53237 29576 64720 28796 17625 64070 47721 33840 33899 2216 7886 
28974 5830 8873 32508 48705 36361 61046 36623 57016 20769 57357 54790 34686 13385 40314 59148 16018 44144 43979 22302 34879 12210 40493 44363 
64084 24604 64651 27838 10253 54988 26901 14677 43350 9646 23238 39757 110 49919 30139 9635 50224 25261 20210 27763 35051 31427 23432 63164 
53883 40816 20361 22681 14332 26560 33299 10007 19597 22193 50978 59205 38426 111 33747 11582 47855 3303 27428 33008 11483 60982 54594 37784 
33562 15465 34089 52258 21161 35230 57847 57293 20388 27857 48552 12900 53002 26656 24393 31012 30471 5286 27145 11052 56456 62562 34530 64103 
33722 48480 13796 20196 4506 54462 3625 51933 6708 57223 34481 1074 1463 25018 20902 32799 34079 387 58376 54400 4473 13024 58577 38291 
27858 39916 55089 18516 60487 49318 21059 33234 14037 14139 55524 54584 57257 37782 338 55908 27568 23270 28569 1427 28951 4647 35239 64434 
38123 28534 62393 16637 19241 55009 21434 35410 10750 64628 7626 15838 50247 22092 59364 57517 41281 35158 17733 13774 25865 7104 56539 42060 
38269 40854 707 53301 50888 40165 35593 20150 32008 42698 56506 38331 20026 21043 35796 18514 49003 9564 11412 60600 30376 50210 21990 6346 
63007 42435 39672 28596 50619 31563 28854 22133 39066 48551 36173 29496 54489 61428 21932 27643 11894 42607 36365 41674 2700 38870 35935 57268 
7977 10117 1215 29908 57419 64618 39993 10551 1069 43392 43243 25068 65197 42246 60881 49663 21753 38136 49417 57484 47916 2900 63919 20865 
43044 36678 63649 39210 44847 42459 25899 15958 22328 62208 46395 54592 13390 3298 40158 62454 64140 26527 36671 15477 65521 43043 5198 5833 
63928 17579 61222 13585 31680 61445 26084 8056 64308 12685 19606 18907 3619 36112 2104 26457 22664 38875 16376 3853 20626 54988 30147 38406 
43581 65039 20421 53326 55957 25745 8971 13301 26297 56735 50579 17414 62644 48647 47994 38816 6037 44053 27100 53982 17768 19878 33958 27037 
